[gd_scene load_steps=14 format=2]

[ext_resource path="res://art/trees/Дерево 1.png" type="Texture" id=1]
[ext_resource path="res://art/trees/Ель 5.png" type="Texture" id=2]
[ext_resource path="res://art/trees/Ель 4.png" type="Texture" id=3]
[ext_resource path="res://art/trees/Ель 1.png" type="Texture" id=4]
[ext_resource path="res://art/trees/Дерево 3.png" type="Texture" id=5]
[ext_resource path="res://art/trees/Куст 1.png" type="Texture" id=6]
[ext_resource path="res://art/trees/Ель 7.png" type="Texture" id=7]
[ext_resource path="res://art/trees/Ель 8.png" type="Texture" id=8]
[ext_resource path="res://art/trees/Ель 6.png" type="Texture" id=9]
[ext_resource path="res://art/trees/Дерево 2.png" type="Texture" id=10]
[ext_resource path="res://art/trees/Ель 2.png" type="Texture" id=11]

[sub_resource type="BoxShape" id=13]
extents = Vector3( 30, 1, 30 )

[sub_resource type="CubeMesh" id=14]
size = Vector3( 60, 2, 60 )

[node name="Ground" type="StaticBody"]
transform = Transform( 1, 0, 0, 0, 1, 0, 0, 0, 1, 0, -1, 0 )
collision_layer = 4
collision_mask = 0

[node name="CollisionShape" type="CollisionShape" parent="."]
shape = SubResource( 13 )

[node name="MeshInstance" type="MeshInstance" parent="."]
mesh = SubResource( 14 )
material/0 = null

[node name="Trees" type="Spatial" parent="."]

[node name="tree_1" type="Sprite3D" parent="Trees"]
transform = Transform( 0.707107, -0.353553, 0.612372, 0, 0.866025, 0.5, -0.707107, -0.353553, 0.612372, 2.42622, 3.10851, 3.00626 )
alpha_cut = 2
texture = ExtResource( 1 )

[node name="tree_2" type="Sprite3D" parent="Trees"]
transform = Transform( 0.707107, -0.353553, 0.612372, 0, 0.866025, 0.5, -0.707107, -0.353553, 0.612372, -2.1863, 2.807, 5.41981 )
alpha_cut = 2
texture = ExtResource( 10 )

[node name="tree_3" type="Sprite3D" parent="Trees"]
transform = Transform( 0.707107, -0.353553, 0.612372, 0, 0.866025, 0.5, -0.707107, -0.353553, 0.612372, -4.55148, 2.57715, 0.282941 )
alpha_cut = 2
texture = ExtResource( 5 )

[node name="tree_4" type="Sprite3D" parent="Trees"]
transform = Transform( 0.707107, -0.353553, 0.612372, 0, 0.866025, 0.5, -0.707107, -0.353553, 0.612372, 4.40135, 1.90248, -0.509201 )
alpha_cut = 2
texture = ExtResource( 4 )

[node name="tree_5" type="Sprite3D" parent="Trees"]
transform = Transform( 0.707107, -0.353553, 0.612372, 0, 0.866025, 0.5, -0.707107, -0.353553, 0.612372, -7.51607, 3.14457, 5.81331 )
alpha_cut = 2
texture = ExtResource( 11 )

[node name="tree_6" type="Sprite3D" parent="Trees"]
transform = Transform( 0.707107, -0.353553, 0.612372, 0, 0.866025, 0.5, -0.707107, -0.353553, 0.612372, 0.812048, 3.14457, 8.42058 )
alpha_cut = 2
texture = ExtResource( 3 )

[node name="tree_7" type="Sprite3D" parent="Trees"]
transform = Transform( 0.707107, -0.353553, 0.612372, 0, 0.866025, 0.5, -0.707107, -0.353553, 0.612372, 4.22207, 2.93544, -4.94679 )
alpha_cut = 2
texture = ExtResource( 2 )

[node name="tree_8" type="Sprite3D" parent="Trees"]
transform = Transform( 0.707107, -0.353553, 0.612372, 0, 0.866025, 0.5, -0.707107, -0.353553, 0.612372, -4.06366, 3.14457, -10.1792 )
alpha_cut = 2
texture = ExtResource( 9 )

[node name="tree_9" type="Sprite3D" parent="Trees"]
transform = Transform( 0.707107, -0.353553, 0.612372, 0, 0.866025, 0.5, -0.707107, -0.353553, 0.612372, -14.6818, 3.14457, -3.85579 )
alpha_cut = 2
texture = ExtResource( 7 )

[node name="tree_10" type="Sprite3D" parent="Trees"]
transform = Transform( 0.707107, -0.353553, 0.612372, 0, 0.866025, 0.5, -0.707107, -0.353553, 0.612372, 10.7154, 3.14457, -3.57594 )
alpha_cut = 2
texture = ExtResource( 8 )

[node name="tree_11" type="Sprite3D" parent="Trees"]
transform = Transform( 0.707107, -0.353553, 0.612372, 0, 0.866025, 0.5, -0.707107, -0.353553, 0.612372, 4.06169, 1.87702, -10.982 )
alpha_cut = 2
texture = ExtResource( 6 )

[node name="AntiLight" type="DirectionalLight" parent="."]
transform = Transform( 1, 0, 0, 0, 0.00193734, 0.999998, 0, -0.999998, 0.00193734, 0, 11.7376, 0 )
light_negative = true

[node name="Snow" type="Spatial" parent="."]
