[gd_scene load_steps=7 format=2]

[ext_resource path="res://scenes/Player.tscn" type="PackedScene" id=1]
[ext_resource path="res://scripts/Main.gd" type="Script" id=2]
[ext_resource path="res://art/tree.png" type="Texture" id=3]
[ext_resource path="res://art/tree2.png" type="Texture" id=4]

[sub_resource type="BoxShape" id=13]
extents = Vector3( 30, 1, 30 )

[sub_resource type="CubeMesh" id=14]
size = Vector3( 60, 2, 60 )

[node name="Main" type="Node"]
script = ExtResource( 2 )

[node name="Ground" type="StaticBody" parent="."]
transform = Transform( 1, 0, 0, 0, 1, 0, 0, 0, 1, 0, -1, 0 )
collision_layer = 4
collision_mask = 0

[node name="CollisionShape" type="CollisionShape" parent="Ground"]
shape = SubResource( 13 )

[node name="MeshInstance" type="MeshInstance" parent="Ground"]
mesh = SubResource( 14 )
material/0 = null

[node name="Trees" type="Spatial" parent="Ground"]

[node name="Tree1" type="Sprite3D" parent="Ground/Trees"]
transform = Transform( 0.71069, -0.34852, 0.611108, -0.00529441, 0.865988, 0.500037, -0.703485, -0.358607, 0.613604, 4.97776, 2.04013, 0.0122699 )
shaded = true
alpha_cut = 2
texture = ExtResource( 3 )

[node name="Tree2" type="Sprite3D" parent="Ground/Trees"]
transform = Transform( 0.355345, -0.17426, 0.305554, -0.00264721, 0.432994, 0.250018, -0.351743, -0.179303, 0.306802, 4.41237, 2.08975, 5.14411 )
shaded = true
alpha_cut = 2
texture = ExtResource( 4 )

[node name="Tree3" type="Sprite3D" parent="Ground/Trees"]
transform = Transform( 0.355345, -0.17426, 0.305554, -0.00264721, 0.432994, 0.250018, -0.351743, -0.179303, 0.306802, -0.68784, 2.11566, 6.97947 )
shaded = true
alpha_cut = 2
texture = ExtResource( 4 )

[node name="Tree4" type="Sprite3D" parent="Ground/Trees"]
transform = Transform( 0.355345, -0.17426, 0.305554, -0.00264721, 0.432994, 0.250018, -0.351743, -0.179303, 0.306802, -10.7832, 2.123, -1.07418 )
shaded = true
alpha_cut = 2
texture = ExtResource( 4 )

[node name="Tree5" type="Sprite3D" parent="Ground/Trees"]
transform = Transform( 0.355345, -0.17426, 0.305554, -0.00264721, 0.432994, 0.250018, -0.351743, -0.179303, 0.306802, -10.2125, 2.17489, 13.291 )
shaded = true
alpha_cut = 2
texture = ExtResource( 4 )

[node name="Tree6" type="Sprite3D" parent="Ground/Trees"]
transform = Transform( 0.355345, -0.17426, 0.305554, -0.00264721, 0.432994, 0.250018, -0.351743, -0.179303, 0.306802, 0.187111, 2.143, 15.1165 )
shaded = true
alpha_cut = 2
texture = ExtResource( 4 )

[node name="Tree7" type="Sprite3D" parent="Ground/Trees"]
transform = Transform( 0.355345, -0.17426, 0.305554, -0.00264721, 0.432994, 0.250018, -0.351743, -0.179303, 0.306802, -2.55876, 2.05078, -12.1278 )
shaded = true
alpha_cut = 2
texture = ExtResource( 4 )

[node name="Tree8" type="Sprite3D" parent="Ground/Trees"]
transform = Transform( 0.71069, -0.34852, 0.611108, -0.00529441, 0.865988, 0.500037, -0.703485, -0.358607, 0.613604, -8.62367, 2.11257, 5.79475 )
shaded = true
alpha_cut = 2
texture = ExtResource( 3 )

[node name="Tree9" type="Sprite3D" parent="Ground/Trees"]
transform = Transform( 0.71069, -0.34852, 0.611108, -0.00529441, 0.865988, 0.500037, -0.703485, -0.358607, 0.613604, -4.64997, 2.0534, -6.0019 )
shaded = true
alpha_cut = 2
texture = ExtResource( 3 )

[node name="Tree10" type="Sprite3D" parent="Ground/Trees"]
transform = Transform( 0.71069, -0.34852, 0.611108, -0.00529441, 0.865988, 0.500037, -0.703485, -0.358607, 0.613604, 11.3364, 1.96766, -12.9575 )
shaded = true
alpha_cut = 2
texture = ExtResource( 3 )

[node name="Tree11" type="Sprite3D" parent="Ground/Trees"]
transform = Transform( 0.71069, -0.34852, 0.611108, -0.00529441, 0.865988, 0.500037, -0.703485, -0.358607, 0.613604, 10.871, 2.02243, 1.14786 )
shaded = true
alpha_cut = 2
texture = ExtResource( 3 )

[node name="Tree12" type="Sprite3D" parent="Ground/Trees"]
transform = Transform( 0.71069, -0.34852, 0.611108, -0.00529441, 0.865988, 0.500037, -0.703485, -0.358607, 0.613604, 4.32366, 2.08058, 10.1198 )
shaded = true
alpha_cut = 2
texture = ExtResource( 3 )

[node name="Tree13" type="Sprite3D" parent="Ground/Trees"]
transform = Transform( 0.71069, -0.34852, 0.611108, -0.00529441, 0.865988, 0.500037, -0.703485, -0.358607, 0.613604, -11.3962, 2.16392, 16.7008 )
shaded = true
alpha_cut = 2
texture = ExtResource( 3 )

[node name="Tree14" type="Sprite3D" parent="Ground/Trees"]
transform = Transform( 0.355345, -0.17426, 0.305554, -0.00264721, 0.432994, 0.250018, -0.351743, -0.179303, 0.306802, 4.98098, 2.04182, -7.03668 )
shaded = true
alpha_cut = 2
texture = ExtResource( 4 )

[node name="Tree15" type="Sprite3D" parent="Ground/Trees"]
transform = Transform( 0.355345, -0.17426, 0.305554, -0.00264721, 0.432994, 0.250018, -0.351743, -0.179303, 0.306802, 16.5216, 2.00381, -5.70487 )
shaded = true
alpha_cut = 2
texture = ExtResource( 4 )

[node name="AntiLight" type="DirectionalLight" parent="Ground"]
transform = Transform( 1, 0, 0, 0, 0.00193734, 0.999998, 0, -0.999998, 0.00193734, 0, 11.7376, 0 )
light_negative = true

[node name="Player" parent="." instance=ExtResource( 1 )]
transform = Transform( 1, 0, 0, 0, 1, 0, 0, 0, 1, 0, 1, 0 )
